import math

e = 1.60218e-19                                         # Electron charge
c = 299792458
eps0 = 8.85419e-12
mu0 = 4.*math.pi*10**(-7)
Z0 = 377.0
